6.578074e-05 -0.0009095868 0 0 0 -0.004080807 0.9999917
0.3032036 0.2662281 0 0 0 0.3444122 0.9388185
0.608804 0.5387526 0 0 0 0.4167631 0.9090152
0.8834137 0.8435762 0 0 0 0.4034325 0.9150094
1.186319 1.140991 0 0 0 0.3813505 0.9244305
1.488487 1.442889 0 0 0 0.3814365 0.924395
1.788996 1.738235 0 0 0 0.3806947 0.9247008
2.094288 2.041792 0 0 0 0.3805223 0.9247718
2.395811 2.339491 0 0 0 0.3808714 0.924628
2.696258 2.636594 0 0 0 0.3810514 0.9245539
3.006127 2.948098 0 0 0 0.3850934 0.9228776
3.31022 3.262385 0 0 0 0.3828341 0.9238171
3.632606 3.572844 0 0 0 0.3841386 0.9232754
3.949208 3.887798 0 0 0 0.3837089 0.9234541
4.267932 4.190732 0 0 0 0.3236704 0.9461699
4.60095 4.418971 0 0 0 0.1789381 0.9838603
4.920302 4.536081 0 0 0 0.06290521 0.9980195
5.229327 4.569198 0 0 0 -0.042739 0.9990863
5.553981 4.534381 0 0 0 -0.1631154 0.986607
5.86748 4.425578 0 0 0 -0.2871162 0.9578958
6.183025 4.22987 0 0 0 -0.3953071 0.918549
6.410933 3.923078 0 0 0 -0.5177776 0.8555153
6.619515 3.586436 0 0 0 -0.5259922 0.8504894
6.764224 3.286434 0 0 0 -0.5178142 0.8554931
6.931947 2.966122 0 0 0 -0.5191858 0.8546614
7.075499 2.653161 0 0 0 -0.5845349 0.8113686
7.167591 2.313816 0 0 0 -0.6519875 0.7582297
7.218976 1.994996 0 0 0 -0.6794848 0.7336896
7.252696 1.664519 0 0 0 -0.675644 0.737228
7.275639 1.353266 0 0 0 -0.6735407 0.7391501
7.311082 1.03172 0 0 0 -0.6734189 0.7392611
7.342262 0.7131918 0 0 0 -0.6730949 0.7395561
7.366897 0.3767708 0 0 0 -0.6731614 0.7394956
7.39473 0.06563772 0 0 0 -0.6734716 0.7392131
7.421539 -0.2368602 0 0 0 -0.6732585 0.7394072
7.444125 -0.5457 0 0 0 -0.6740764 0.7386616
7.469111 -0.8626419 0 0 0 -0.6747321 0.7380628
7.485037 -1.207791 0 0 0 -0.6751025 0.7377239
7.510715 -1.533614 0 0 0 -0.6746492 0.7381385
7.538727 -1.853699 0 0 0 -0.6752208 0.7376157
7.579943 -2.190849 0 0 0 -0.6803399 0.7328967
7.593983 -2.499322 0 0 0 -0.7185896 0.6954344
7.593588 -2.836682 0 0 0 -0.7469898 0.6648355
7.552741 -3.163673 0 0 0 -0.7842566 0.6204366
7.437646 -3.487099 0 0 0 0.8665513 -0.499088
7.270385 -3.795181 0 0 0 0.9219919 -0.3872092
6.954597 -4.106001 0 0 0 0.9428245 -0.3332895
6.63642 -4.374331 0 0 0 0.9373202 -0.3484693
6.330354 -4.635488 0 0 0 0.9369976 -0.3493359
6.029934 -4.893763 0 0 0 0.9371384 -0.348958
5.725996 -5.156287 0 0 0 0.9377425 -0.3473312
5.415918 -5.408635 0 0 0 0.9376878 -0.3474788
5.112349 -5.680568 0 0 0 0.9380032 -0.3466266
4.802537 -5.945658 0 0 0 0.9379928 -0.3466546
4.501072 -6.184598 0 0 0 0.9597146 -0.2809766
4.14949 -6.380012 0 0 0 0.9842767 -0.1766333
3.831032 -6.479057 0 0 0 0.9976382 -0.0686872
3.530254 -6.514644 0 0 0 0.9994477 0.03323053
3.215102 -6.474554 0 0 0 0.9896377 0.1435869
2.905267 -6.378178 0 0 0 0.9664325 0.2569208
2.567788 -6.249344 0 0 0 0.9654031 0.2607619
2.247274 -6.050521 0 0 0 0.9661594 0.2579458
1.913843 -5.858708 0 0 0 0.9661709 0.2579026
1.597785 -5.680835 0 0 0 0.9657427 0.2595014
1.280116 -5.485786 0 0 0 0.9659216 0.2588348
0.9456827 -5.287569 0 0 0 0.94554 0.325506
0.6530929 -4.987204 0 0 0 0.8737952 0.4862942
0.489231 -4.673681 0 0 0 0.8168217 0.5768902
0.3909506 -4.362301 0 0 0 0.7419206 0.6704877
0.3610157 -4.027547 0 0 0 0.6623202 0.7492209
0.4082125 -3.700721 0 0 0 0.5624786 0.8268119
0.5444983 -3.387965 0 0 0 0.4659242 0.8848246
0.7654265 -3.066582 0 0 0 0.4653925 0.8851044
0.889841 -2.730191 0 0 0 0.4643664 0.8856432
1.129286 -2.420145 0 0 0 0.3844058 0.9231642
1.412781 -2.118517 0 0 0 0.39237 0.9198075
1.714108 -1.802333 0 0 0 0.3917694 0.9200634
2.005792 -1.494431 0 0 0 0.3928061 0.9196213
2.305247 -1.18362 0 0 0 0.3858213 0.9225735
2.620313 -0.8710619 0 0 0 0.3857318 0.9226109
2.910448 -0.5703491 0 0 0 0.3848603 0.9229748
3.226274 -0.2539433 0 0 0 0.3855641 0.922681
3.550163 0.06995722 0 0 0 0.3869277 0.9221101
3.868312 0.3947752 0 0 0 0.3834918 0.9235443
4.192129 0.7070345 0 0 0 0.3819901 0.9241664
4.480058 1.008195 0 0 0 0.3845579 0.9231009
4.78817 1.317697 0 0 0 0.3833062 0.9236213
5.143572 1.648295 0 0 0 0.3843784 0.9231756
5.461609 1.975351 0 0 0 0.4078848 0.9130334
5.730489 2.294315 0 0 0 0.50889 0.8608316
5.881291 2.637944 0 0 0 0.6168222 0.7871025
5.960217 2.975602 0 0 0 0.7171663 0.6969021
5.958961 3.288213 0 0 0 0.7867166 0.6173144
5.873136 3.601014 0 0 0 0.8646834 0.5023173
5.597405 3.907961 0 0 0 0.9545321 0.2981083
5.2089 4.135423 0 0 0 0.9792266 0.202769
4.892564 4.296441 0 0 0 0.9944046 0.1056387
4.695909 3.990567 0 0 0 0.9615633 -0.2745833
4.393978 3.800131 0 0 0 0.9639366 -0.2661319
4.087236 3.623423 0 0 0 0.9633824 -0.2681311
3.764177 3.430078 0 0 0 0.9615639 -0.2745814
3.463461 3.217627 0 0 0 0.9430518 -0.332646
3.141768 2.996293 0 0 0 0.9431438 -0.3323849
2.83751 2.750351 0 0 0 0.9430958 -0.3325212
2.5312 2.479025 0 0 0 0.9365605 -0.3505061
2.226602 2.240844 0 0 0 0.9368921 -0.3496188
1.921194 1.952194 0 0 0 0.9138767 -0.4059918
1.654737 1.649993 0 0 0 0.9165071 -0.4000184
1.390553 1.345706 0 0 0 0.9161758 -0.4007765
1.108345 1.022644 0 0 0 0.9161518 -0.4008314
0.8167934 0.6930289 0 0 0 0.9161116 -0.4009233
0.5295497 0.381289 0 0 0 0.9156976 -0.4018679
0.2361207 0.0628694 0 0 0 0.9170353 -0.3988061
-0.04755447 -0.241442 0 0 0 0.9170164 -0.3988496
